677.518188	-1023.892946	0.000000
677.988220	-1023.651491	0.000000
678.365112	-1023.301943	0.000000
678.802124	-1023.012575	0.000000
679.221375	-1022.678713	0.000000
679.728455	-1022.367128	0.000000
680.193787	-1022.081484	0.000000
680.743225	-1021.746034	0.000000
680.927002	-1021.278566	0.000000
681.053345	-1020.789675	0.000000
681.561646	-1020.781191	0.000000
682.026428	-1020.457704	0.000000
682.468933	-1020.084047	0.000000
682.910584	-1019.704164	0.000000
683.343262	-1019.326601	0.000000
683.846619	-1018.881960	0.000000
684.314819	-1018.463564	0.000000
684.714539	-1018.105226	0.000000
685.125610	-1017.734743	0.000000
685.598999	-1017.305239	0.000000
686.125244	-1016.825380	0.000000
686.502075	-1016.481081	0.000000
686.902832	-1016.113344	0.000000
687.291687	-1015.756349	0.000000
687.722534	-1015.360781	0.000000
688.156677	-1014.962770	0.000000
688.609009	-1014.548342	0.000000
689.101501	-1014.097536	0.000000
689.573914	-1013.666262	0.000000
690.072510	-1013.211305	0.000000
690.575134	-1012.754396	0.000000
691.048279	-1012.325197	0.000000
691.531494	-1011.887209	0.000000
692.016113	-1011.448793	0.000000
692.483948	-1011.029665	0.000000
692.956726	-1010.610353	0.000000
693.407654	-1010.214296	0.000000
693.865906	-1009.816103	0.000000
694.328369	-1009.417726	0.000000
694.763062	-1009.046694	0.000000
695.229126	-1008.651796	0.000000
695.672974	-1008.278627	0.000000
696.115295	-1007.908815	0.000000
696.557068	-1007.541567	0.000000
697.005249	-1007.170534	0.000000
697.451538	-1006.802614	0.000000
697.880981	-1006.450136	0.000000
698.340393	-1006.074770	0.000000
698.772339	-1005.721315	0.000000
699.216858	-1005.358827	0.000000
699.636719	-1005.016909	0.000000
700.092224	-1004.645998	0.000000
700.506653	-1004.309206	0.000000
700.940002	-1003.958132	0.000000
701.381531	-1003.599672	0.000000
701.805237	-1003.254885	0.000000
702.239563	-1002.901125	0.000000
702.672302	-1002.549196	0.000000
703.090149	-1002.209963	0.000000
703.517578	-1001.863588	0.000000
703.922302	-1001.539919	0.000000
704.363770	-1001.212892	0.000000
704.793274	-1000.926699	0.000000
705.253967	-1000.652223	0.000000
705.716614	-1000.413820	0.000000
706.208557	-1000.192018	0.000000
706.700073	-999.997072	0.000000
707.198730	-999.828310	0.000000
707.733459	-999.677553	0.000000
708.235535	-999.562380	0.000000
708.763306	-999.468447	0.000000
709.303772	-999.398073	0.000000
709.835571	-999.351137	0.000000
710.376587	-999.324221	0.000000
710.900452	-999.319582	0.000000
711.460205	-999.336428	0.000000
712.000671	-999.373781	0.000000
712.552917	-999.437197	0.000000
713.087524	-999.523317	0.000000
713.649292	-999.638796	0.000000
714.187988	-999.777284	0.000000
714.733154	-999.942690	0.000000
715.273132	-1000.129824	0.000000
715.827820	-1000.347292	0.000000
716.342529	-1000.569582	0.000000
716.870789	-1000.814760	0.000000
717.402222	-1001.080812	0.000000
717.908569	-1001.354189	0.000000
718.430359	-1001.654360	0.000000
718.903992	-1001.944765	0.000000
719.420471	-1002.280947	0.000000
719.936646	-1002.630251	0.000000
720.432190	-1002.985597	0.000000
720.924011	-1003.366823	0.000000
721.367554	-1003.736818	0.000000
721.849548	-1004.168154	0.000000
722.286011	-1004.582949	0.000000
722.716370	-1005.012819	0.000000
723.148193	-1005.465517	0.000000
723.561890	-1005.917421	0.000000
723.969666	-1006.377748	0.000000
724.164734	-1006.852846	0.000000
724.786072	-1007.319704	0.000000
725.175720	-1007.774843	0.000000
725.579712	-1008.250002	0.000000
726.008423	-1008.754152	0.000000
726.425476	-1009.244448	0.000000
726.866150	-1009.761782	0.000000
727.319580	-1010.293154	0.000000
727.800171	-1010.856264	0.000000
728.033630	-1011.398195	0.000000
728.475525	-1011.643679	0.000000
728.983521	-1012.232607	0.000000
729.459534	-1012.781557	0.000000
729.968079	-1013.364443	0.000000
730.491638	-1013.960634	0.000000
731.042236	-1014.583803	0.000000
731.618591	-1015.231874	0.000000
732.194885	-1015.876284	0.000000
732.812439	-1016.562746	0.000000
733.466492	-1017.286013	0.000000
734.123291	-1018.009279	0.000000
734.463928	-1018.383180	0.000000
734.820129	-1018.773195	0.000000
735.195557	-1019.183779	0.000000
735.577393	-1019.600954	0.000000
735.958313	-1020.016359	0.000000
736.306946	-1020.396059	0.000000
736.681946	-1020.804445	0.000000
737.075623	-1021.232851	0.000000
737.466309	-1021.658266	0.000000
737.876587	-1022.105348	0.000000
738.235291	-1022.495546	0.000000
738.646484	-1022.942079	0.000000
739.018677	-1023.345400	0.000000
739.443848	-1023.805239	0.000000
739.805298	-1024.196779	0.000000
740.241943	-1024.670900	0.000000
740.619019	-1025.079958	0.000000
741.030273	-1025.525270	0.000000
741.424805	-1025.951296	0.000000
741.803406	-1026.360109	0.000000
742.193542	-1026.783083	0.000000
742.571655	-1027.194216	0.000000
742.979187	-1027.638552	0.000000
743.704712	-1028.431398	0.000000
744.413025	-1029.206179	0.000000
745.121277	-1029.981203	0.000000
745.830383	-1030.759889	0.000000
746.141296	-1031.501833	0.000000
746.813110	-1031.837648	0.000000
747.194092	-1032.255861	0.000000
747.538940	-1032.635622	0.000000
748.219910	-1033.386476	0.000000
748.858704	-1034.093263	0.000000
749.479370	-1034.780641	0.000000
750.108582	-1035.478151	0.000000
750.689575	-1036.123293	0.000000
751.285217	-1036.785524	0.000000
751.840149	-1037.402834	0.000000
752.409546	-1038.036501	0.000000
752.966187	-1038.655641	0.000000
753.537659	-1039.290773	0.000000
754.079529	-1039.892946	0.000000
754.615295	-1040.487673	0.000000
755.149780	-1041.081179	0.000000
755.690491	-1041.680422	0.000000
755.934143	-1042.228517	0.000000
756.431763	-1042.501955	0.000000
756.953796	-1043.080202	0.000000
757.401367	-1043.575685	0.000000
757.885742	-1044.111696	0.000000
758.320496	-1044.592775	0.000000
758.743958	-1045.061281	0.000000
759.157593	-1045.518556	0.000000
759.556580	-1045.959719	0.000000
759.947205	-1046.391481	0.000000
760.376465	-1046.865724	0.000000
760.764221	-1047.293093	0.000000
761.164551	-1047.733888	0.000000
761.577087	-1048.187746	0.000000
761.976807	-1048.626955	0.000000
762.383728	-1049.073732	0.000000
762.787048	-1049.516115	0.000000
763.171814	-1049.937990	0.000000
763.572571	-1050.376833	0.000000
763.971436	-1050.813478	0.000000
764.356262	-1051.234621	0.000000
764.734802	-1051.648195	0.000000
765.120300	-1052.069216	0.000000
765.511414	-1052.501222	0.000000
765.902527	-1052.937258	0.000000
766.292114	-1053.374147	0.000000
766.671265	-1053.802370	0.000000
767.049927	-1054.232057	0.000000
767.439758	-1054.678713	0.000000
767.809631	-1055.109499	0.000000
768.179749	-1055.549440	0.000000
768.537537	-1055.982790	0.000000
768.894897	-1056.423952	0.000000
769.238770	-1056.860964	0.000000
769.582642	-1057.312746	0.000000
769.906311	-1057.756227	0.000000
770.240601	-1058.236208	0.000000
770.557129	-1058.724245	0.000000
770.866150	-1059.241091	0.000000
771.145264	-1059.754640	0.000000
771.270752	-1060.271120	0.000000
771.639526	-1060.800295	0.000000
771.855896	-1061.335817	0.000000
772.049011	-1061.882326	0.000000
772.217285	-1062.443605	0.000000
772.356934	-1062.995851	0.000000
772.477661	-1063.567873	0.000000
772.574707	-1064.124513	0.000000
772.655701	-1064.696047	0.000000
772.688477	-1065.280763	0.000000
772.775024	-1065.840090	0.000000
772.798584	-1066.431154	0.000000
772.845642	-1067.028200	0.000000
772.863281	-1067.622316	0.000000
772.871887	-1068.208376	0.000000
772.872559	-1068.774294	0.000000
772.870117	-1069.354860	0.000000
772.864319	-1069.917726	0.000000
772.854553	-1070.481203	0.000000
772.840332	-1071.071901	0.000000
772.824463	-1071.626833	0.000000
772.805786	-1072.207765	0.000000
772.788757	-1072.762453	0.000000
772.771912	-1073.310427	0.000000
772.754761	-1073.861818	0.000000
772.739136	-1074.401491	0.000000
772.725708	-1074.917482	0.000000
772.712647	-1075.457399	0.000000
772.700256	-1075.998293	0.000000
772.689331	-1076.515871	0.000000
772.679321	-1077.052370	0.000000
772.670593	-1077.582155	0.000000
772.663147	-1078.129152	0.000000
772.656921	-1078.650148	0.000000
772.652283	-1079.154177	0.000000
772.648987	-1079.664797	0.000000
772.646606	-1080.190676	0.000000
772.644775	-1080.931398	0.000000
772.642517	-1081.435060	0.000000
772.640869	-1081.940309	0.000000
772.639709	-1082.452516	0.000000
772.638123	-1082.963014	0.000000
772.635315	-1083.467043	0.000000
772.633423	-1083.971681	0.000000
772.622620	-1084.545900	0.000000
772.611389	-1085.103762	0.000000
772.593140	-1085.846926	0.000000
772.578003	-1086.352297	0.000000
772.557434	-1086.924074	0.000000
772.531921	-1087.483034	0.000000
772.498108	-1088.040285	0.000000
772.452332	-1088.618898	0.000000
772.396118	-1089.195803	0.000000
772.328369	-1089.734377	0.000000
772.233154	-1090.305544	0.000000
772.121216	-1090.828737	0.000000
771.971802	-1091.376222	0.000000
771.816895	-1091.857302	0.000000
771.549377	-1092.535158	0.000000
771.331909	-1093.002443	0.000000
770.982666	-1093.653566	0.000000
770.718079	-1094.088869	0.000000
770.437317	-1094.508669	0.000000
770.132019	-1094.927248	0.000000
769.816589	-1095.326662	0.000000
769.472412	-1095.731813	0.000000
769.135559	-1096.104006	0.000000
768.773132	-1096.480471	0.000000
768.398315	-1096.849001	0.000000
768.012939	-1097.210085	0.000000
767.615295	-1097.567629	0.000000
767.215515	-1097.913698	0.000000
766.822998	-1098.242555	0.000000
766.433960	-1098.560427	0.000000
766.020325	-1098.892824	0.000000
765.595093	-1099.233766	0.000000
765.187073	-1099.558840	0.000000
764.768982	-1099.887697	0.000000
764.338196	-1100.225221	0.000000
763.918579	-1100.559816	0.000000
763.497498	-1100.900514	0.000000
763.083130	-1101.237795	0.000000
762.666870	-1101.578249	0.000000
762.255676	-1101.917604	0.000000
761.829285	-1102.272463	0.000000
761.395386	-1102.636598	0.000000
760.951843	-1103.011843	0.000000
760.522827	-1103.377809	0.000000
760.072266	-1103.763918	0.000000
759.630798	-1104.143312	0.000000
759.177673	-1104.533449	0.000000
758.732666	-1104.917116	0.000000
758.257202	-1105.328249	0.000000
757.797913	-1105.725588	0.000000
757.350586	-1106.112673	0.000000
756.905640	-1106.498171	0.000000
756.458923	-1106.885134	0.000000
756.007629	-1107.277834	0.000000
755.565002	-1107.664919	0.000000
755.153442	-1108.027834	0.000000
754.728272	-1108.406984	0.000000
754.316528	-1108.777346	0.000000
753.918640	-1109.138063	0.000000
753.530151	-1109.493410	0.000000
753.154602	-1109.839601	0.000000
752.780151	-1110.186891	0.000000
752.410828	-1110.531618	0.000000
752.029114	-1110.889406	0.000000
751.646790	-1111.249636	0.000000
751.122803	-1111.746584	0.000000
750.598877	-1112.249025	0.000000
750.070679	-1112.761232	0.000000
749.560608	-1113.262087	0.000000
749.038025	-1113.783083	0.000000
748.545044	-1114.282228	0.000000
748.200317	-1114.797243	0.000000
747.703308	-1115.156008	0.000000
747.216187	-1115.680055	0.000000
746.745422	-1116.199831	0.000000
746.426270	-1116.723635	0.000000
745.977417	-1117.091310	0.000000
745.535522	-1117.630373	0.000000
745.099365	-1118.186159	0.000000
744.675354	-1118.757082	0.000000
744.399475	-1119.337526	0.000000
744.009277	-1119.735964	0.000000
743.635986	-1120.347048	0.000000
743.309448	-1120.941652	0.000000
743.008240	-1121.573122	0.000000
742.734497	-1122.237673	0.000000
742.499756	-1122.901857	0.000000
742.316834	-1123.559450	0.000000
742.170654	-1124.264894	0.000000
742.076111	-1124.963991	0.000000
742.031982	-1125.674684	0.000000
742.035461	-1126.401979	0.000000
742.066467	-1126.908205	0.000000
742.119080	-1127.645510	0.000000
742.235352	-1128.363405	0.000000
742.401672	-1128.863161	0.000000
742.544373	-1129.369387	0.000000
742.776672	-1130.069948	0.000000
742.956238	-1130.541994	0.000000
743.152283	-1131.018190	0.000000
743.357361	-1131.480348	0.000000
743.683228	-1132.155275	0.000000
744.029419	-1132.815309	0.000000
744.397644	-1133.468141	0.000000
744.656372	-1133.903444	0.000000
745.040283	-1134.534670	0.000000
745.442871	-1135.152834	0.000000
745.871399	-1135.761354	0.000000
746.173889	-1136.166628	0.000000
746.488403	-1136.570070	0.000000
746.959229	-1137.150270	0.000000
747.435730	-1137.713014	0.000000
747.918457	-1138.269533	0.000000
748.418152	-1138.828493	0.000000
748.757324	-1139.201052	0.000000
749.110596	-1139.581056	0.000000
749.471497	-1139.964723	0.000000
749.845642	-1140.359743	0.000000
750.240295	-1140.771852	0.000000
750.617432	-1141.164797	0.000000
751.018982	-1141.583620	0.000000
751.416077	-1141.996584	0.000000
751.829773	-1142.427736	0.000000
752.254089	-1142.870119	0.000000
752.677673	-1143.310915	0.000000
753.092224	-1143.742922	0.000000
753.502380	-1144.170290	0.000000
753.918091	-1144.607057	0.000000
754.344605	-1145.058840	0.000000
754.763794	-1145.506716	0.000000
755.183472	-1145.958864	0.000000
755.602600	-1146.412477	0.000000
756.031006	-1146.880495	0.000000
756.447022	-1147.338869	0.000000
756.657776	-1147.802858	0.000000
757.314941	-1148.308596	0.000000
757.755493	-1148.808107	0.000000
758.170349	-1149.282839	0.000000
758.613098	-1149.794680	0.000000
759.038025	-1150.291139	0.000000
759.466553	-1150.797731	0.000000
759.898499	-1151.314699	0.000000
760.327332	-1151.834719	0.000000
760.741394	-1152.342287	0.000000
761.171753	-1152.874391	0.000000
761.609802	-1153.422487	0.000000
762.035278	-1153.961183	0.000000
762.460632	-1154.508180	0.000000
762.903320	-1155.087038	0.000000
763.328613	-1155.651613	0.000000
763.764526	-1156.239626	0.000000
764.183472	-1156.815431	0.000000
764.588928	-1157.380617	0.000000
765.000305	-1157.962526	0.000000
765.395874	-1158.531618	0.000000
765.804504	-1159.128664	0.000000
766.223206	-1159.750734	0.000000
766.617798	-1160.346437	0.000000
767.021790	-1160.965944	0.000000
767.417542	-1161.581911	0.000000
767.833618	-1162.239260	0.000000
768.216431	-1162.854250	0.000000
768.604065	-1163.484377	0.000000
769.004028	-1164.142946	0.000000
769.392700	-1164.791994	0.000000
769.779053	-1165.449343	0.000000
770.171631	-1166.129274	0.000000
770.541321	-1166.781374	0.000000
770.924255	-1167.466921	0.000000
771.300171	-1168.152101	0.000000
771.677551	-1168.853884	0.000000
772.055115	-1169.569948	0.000000
772.418579	-1170.271486	0.000000
772.769226	-1170.957888	0.000000
773.120789	-1171.656740	0.000000
773.475159	-1172.375002	0.000000
773.818176	-1173.084841	0.000000
774.179565	-1173.846193	0.000000
774.518494	-1174.574221	0.000000
774.864075	-1175.329714	0.000000
775.192383	-1176.061281	0.000000
775.559204	-1176.893923	0.000000
775.889160	-1177.656740	0.000000
776.219360	-1178.434328	0.000000
776.541748	-1179.207399	0.000000
776.856934	-1179.975099	0.000000
777.175537	-1180.762941	0.000000
777.500732	-1181.576418	0.000000
777.809265	-1182.357424	0.000000
778.121338	-1183.155397	0.000000
778.287537	-1183.968874	0.000000
778.756958	-1184.795656	0.000000
779.079041	-1185.631471	0.000000
779.389587	-1186.439333	0.000000
779.702637	-1187.250490	0.000000
780.036377	-1188.110353	0.000000
780.356384	-1188.930910	0.000000
780.684570	-1189.762453	0.000000
781.022461	-1190.605715	0.000000
781.367798	-1191.454958	0.000000
781.729492	-1192.327150	0.000000
782.069702	-1193.132814	0.000000
782.455627	-1194.025392	0.000000
782.827576	-1194.866213	0.000000
783.203552	-1195.697512	0.000000
783.603088	-1196.560549	0.000000
783.986267	-1197.369509	0.000000
784.392273	-1198.208376	0.000000
784.810425	-1199.053835	0.000000
785.235596	-1199.898928	0.000000
785.656555	-1200.722292	0.000000
786.102539	-1201.578859	0.000000
786.336548	-1202.020876	0.000000
786.778015	-1202.843386	0.000000
787.237915	-1203.685060	0.000000
787.707581	-1204.527223	0.000000
788.166565	-1205.334108	0.000000
788.658875	-1206.182985	0.000000
789.142029	-1207.000002	0.000000
789.378540	-1207.822267	0.000000
789.885376	-1208.230226	0.000000
790.156372	-1208.671266	0.000000
790.426453	-1209.106569	0.000000
790.702026	-1209.546266	0.000000
790.988770	-1210.000002	0.000000
791.534058	-1210.852053	0.000000
792.074768	-1211.683840	0.000000
792.615723	-1212.499513	0.000000
793.185425	-1213.342287	0.000000
793.733887	-1214.140016	0.000000
794.020264	-1214.551271	0.000000
794.333557	-1214.996828	0.000000
794.626404	-1215.409548	0.000000
794.947693	-1215.857668	0.000000
795.562378	-1216.703615	0.000000
796.151672	-1217.500002	0.000000
796.763611	-1218.311525	0.000000
797.354797	-1219.081789	0.000000
797.686829	-1219.508669	0.000000
798.338806	-1220.336672	0.000000
798.966675	-1221.121706	0.000000
799.607239	-1221.908571	0.000000
800.263916	-1222.701418	0.000000
800.924255	-1223.485475	0.000000
801.576843	-1224.247805	0.000000
801.924683	-1224.649294	0.000000
802.617676	-1225.439821	0.000000
803.276672	-1226.178957	0.000000
803.678467	-1226.623781	0.000000
804.082764	-1227.067140	0.000000
804.469605	-1227.487184	0.000000
804.853210	-1227.900637	0.000000
805.260559	-1228.335695	0.000000
805.637024	-1228.734011	0.000000
806.049500	-1229.166262	0.000000
806.430298	-1229.561525	0.000000
806.833252	-1229.975710	0.000000
807.239807	-1230.389528	0.000000
807.658936	-1230.811525	0.000000
808.081970	-1231.233400	0.000000
808.507507	-1231.654421	0.000000
808.940369	-1232.078981	0.000000
809.389404	-1232.515016	0.000000
809.813171	-1232.922853	0.000000
810.238220	-1233.328005	0.000000
810.700195	-1233.764650	0.000000
811.115845	-1234.153810	0.000000
811.568115	-1234.573610	0.000000
812.015930	-1234.985475	0.000000
812.453308	-1235.384279	0.000000
812.918152	-1235.803713	0.000000
813.362793	-1236.200441	0.000000
813.810669	-1236.596437	0.000000
814.285950	-1237.012087	0.000000
814.733093	-1237.398561	0.000000
815.182556	-1237.782839	0.000000
815.591919	-1238.129030	0.000000
816.037842	-1238.502809	0.000000
816.456787	-1238.850466	0.000000
816.950928	-1239.256471	0.000000
817.364014	-1239.592653	0.000000
817.810181	-1239.952638	0.000000
818.265259	-1240.316530	0.000000
818.755249	-1240.704347	0.000000
819.203735	-1241.055666	0.000000
819.641418	-1241.395265	0.000000
820.160950	-1241.794191	0.000000
820.577454	-1242.110597	0.000000
821.075317	-1242.484621	0.000000
821.480286	-1242.785524	0.000000
822.019653	-1243.181887	0.000000
822.896545	-1243.815920	0.000000
823.337463	-1244.129640	0.000000
823.813538	-1244.465090	0.000000
824.277283	-1244.787844	0.000000
824.748169	-1245.112184	0.000000
825.232483	-1245.442507	0.000000
825.748352	-1245.790529	0.000000
826.216064	-1246.102175	0.000000
826.771179	-1246.467775	0.000000
827.216980	-1246.757326	0.000000
827.749573	-1247.099367	0.000000
828.218384	-1247.396730	0.000000
828.714111	-1247.707888	0.000000
829.261475	-1248.048586	0.000000
829.783142	-1248.369142	0.000000
830.285522	-1248.674684	0.000000
830.820984	-1248.995973	0.000000
831.344360	-1249.306764	0.000000
831.926086	-1249.648805	0.000000
832.455505	-1249.957155	0.000000
832.957825	-1250.247438	0.000000
833.508728	-1250.562258	0.000000
833.978027	-1250.827883	0.000000
834.582214	-1251.166017	0.000000
835.066345	-1251.434206	0.000000
835.617371	-1251.736086	0.000000
836.107361	-1252.001589	0.000000
836.666504	-1252.300783	0.000000
837.184570	-1252.575075	0.000000
837.764038	-1252.878542	0.000000
838.321167	-1253.166994	0.000000
838.876892	-1253.451906	0.000000
839.459045	-1253.746584	0.000000
839.990173	-1254.013063	0.000000
840.570862	-1254.301027	0.000000
841.116943	-1254.568727	0.000000
841.680176	-1254.841799	0.000000
842.182312	-1255.082399	0.000000
842.845764	-1255.396608	0.000000
843.320251	-1255.618532	0.000000
843.934937	-1255.902956	0.000000
844.444397	-1256.135988	0.000000
845.055725	-1256.411745	0.000000
845.588379	-1256.648683	0.000000
846.193481	-1256.913942	0.000000
846.757751	-1257.157228	0.000000
847.344543	-1257.406252	0.000000
847.930969	-1257.651003	0.000000
848.527954	-1257.895754	0.000000
849.123474	-1258.135378	0.000000
849.693787	-1258.360842	0.000000
850.368225	-1258.622805	0.000000
850.934937	-1258.838625	0.000000
851.514771	-1259.055544	0.000000
852.122864	-1259.279177	0.000000
852.729919	-1259.498171	0.000000
853.338928	-1259.713869	0.000000
853.996460	-1259.942018	0.000000
854.604065	-1260.148561	0.000000
855.206482	-1260.349611	0.000000
855.853699	-1260.562136	0.000000
856.477234	-1260.763063	0.000000
857.192261	-1260.989504	0.000000
857.719543	-1261.153688	0.000000
858.413879	-1261.365724	0.000000
859.014832	-1261.545656	0.000000
859.688843	-1261.743410	0.000000
860.327393	-1261.927492	0.000000
860.893066	-1262.087160	0.000000
861.581726	-1262.277223	0.000000
862.147522	-1262.429323	0.000000
862.886108	-1262.623415	0.000000
863.407043	-1262.757082	0.000000
864.158691	-1262.945436	0.000000
864.723145	-1263.083498	0.000000
865.432617	-1263.251711	0.000000
866.005432	-1263.383547	0.000000
866.682068	-1263.535402	0.000000
867.358887	-1263.682497	0.000000
867.988464	-1263.815309	0.000000
868.648865	-1263.950807	0.000000
869.289978	-1264.078249	0.000000
870.023865	-1264.219484	0.000000
870.658325	-1264.337282	0.000000
871.363647	-1264.463869	0.000000
871.959961	-1264.567263	0.000000
872.705566	-1264.692263	0.000000
873.324341	-1264.792360	0.000000
874.039001	-1264.904055	0.000000
874.694153	-1265.002443	0.000000
875.357544	-1265.098024	0.000000
876.030518	-1265.191530	0.000000
876.703980	-1265.281130	0.000000
877.444580	-1265.375368	0.000000
878.071533	-1265.451174	0.000000
878.785217	-1265.534059	0.000000
879.430298	-1265.605104	0.000000
880.178772	-1265.683718	0.000000
880.847412	-1265.749636	0.000000
881.570923	-1265.817263	0.000000
882.190674	-1265.871584	0.000000
882.967041	-1265.935427	0.000000
883.647766	-1265.987551	0.000000
884.325745	-1266.036135	0.000000
885.090881	-1266.087038	0.000000
885.746277	-1266.127199	0.000000
886.498169	-1266.169435	0.000000
887.157288	-1266.202761	0.000000
887.863647	-1266.234987	0.000000
888.538879	-1266.262331	0.000000
889.293457	-1266.288820	0.000000
889.968262	-1266.309084	0.000000
890.664246	-1266.326540	0.000000
891.365723	-1266.340334	0.000000
892.077026	-1266.351076	0.000000
892.856628	-1266.359133	0.000000
893.477295	-1266.362673	0.000000
894.246033	-1266.364626	0.000000
894.935425	-1266.363527	0.000000
895.677612	-1266.359133	0.000000
896.329651	-1266.352419	0.000000
897.096069	-1266.340334	0.000000
897.744446	-1266.326662	0.000000
898.506897	-1266.306276	0.000000
899.162048	-1266.284792	0.000000
899.919189	-1266.255373	0.000000
900.577820	-1266.225221	0.000000
901.314087	-1266.184694	0.000000
902.016907	-1266.139284	0.000000
902.726074	-1266.084108	0.000000
903.462341	-1266.018556	0.000000
904.170471	-1265.953493	0.000000
904.965637	-1265.877077	0.000000
905.656677	-1265.807009	0.000000
906.377441	-1265.729982	0.000000
907.047485	-1265.654421	0.000000
907.802673	-1265.564699	0.000000
908.483826	-1265.479860	0.000000
909.195801	-1265.386843	0.000000
909.851868	-1265.297243	0.000000
910.639465	-1265.183962	0.000000
911.341003	-1265.077883	0.000000
912.063171	-1264.963747	0.000000
912.743408	-1264.851808	0.000000
913.513733	-1264.718874	0.000000
914.232605	-1264.589479	0.000000
914.923340	-1264.460573	0.000000
915.689270	-1264.312136	0.000000
916.350525	-1264.179079	0.000000
917.137329	-1264.015627	0.000000
917.748474	-1263.884767	0.000000
918.497009	-1263.719484	0.000000
919.116394	-1263.578737	0.000000
919.797180	-1263.419435	0.000000
920.535889	-1263.241579	0.000000
921.278198	-1263.058351	0.000000
921.953369	-1262.887575	0.000000
922.601807	-1262.718752	0.000000
923.331970	-1262.523805	0.000000
923.981140	-1262.346315	0.000000
924.720093	-1262.139650	0.000000
925.345642	-1261.960573	0.000000
926.101746	-1261.740114	0.000000
926.753967	-1261.545778	0.000000
927.415649	-1261.344118	0.000000
928.100830	-1261.130861	0.000000
928.783081	-1260.914186	0.000000
929.502319	-1260.681887	0.000000
930.107483	-1260.483400	0.000000
930.835022	-1260.240724	0.000000
931.447266	-1260.033327	0.000000
932.179138	-1259.781496	0.000000
932.784485	-1259.570314	0.000000
933.510925	-1259.312624	0.000000
934.088501	-1259.104006	0.000000
934.791809	-1258.847048	0.000000
935.428833	-1258.610109	0.000000
936.086121	-1258.362306	0.000000
936.759705	-1258.103517	0.000000
937.425232	-1257.844240	0.000000
938.162842	-1257.554933	0.000000
938.739136	-1257.326540	0.000000
939.438477	-1257.045778	0.000000
940.040649	-1256.799562	0.000000
940.690369	-1256.531130	0.000000
941.368408	-1256.247682	0.000000
941.982849	-1255.987429	0.000000
942.657227	-1255.696901	0.000000
943.374878	-1255.382204	0.000000
944.039368	-1255.085451	0.000000
944.705688	-1254.782839	0.000000
945.300293	-1254.508669	0.000000
945.949036	-1254.203859	0.000000
946.575806	-1253.904543	0.000000
947.279419	-1253.562380	0.000000
947.908325	-1253.251467	0.000000
948.519104	-1252.944216	0.000000
949.173340	-1252.609743	0.000000
949.792847	-1252.286989	0.000000
950.504028	-1251.909548	0.000000
951.087036	-1251.594240	0.000000
951.750610	-1251.229250	0.000000
952.428894	-1250.850588	0.000000
952.996643	-1250.528810	0.000000
953.702637	-1250.123171	0.000000
954.365723	-1249.736452	0.000000
955.067078	-1249.321779	0.000000
955.700134	-1248.942629	0.000000
956.396240	-1248.520021	0.000000
957.030579	-1248.130251	0.000000
957.698242	-1247.714846	0.000000
958.313782	-1247.327638	0.000000
959.001831	-1246.889406	0.000000
959.608398	-1246.498781	0.000000
960.277222	-1246.063356	0.000000
960.934326	-1245.630861	0.000000
961.565796	-1245.210817	0.000000
962.242737	-1244.755251	0.000000
962.880676	-1244.321047	0.000000
963.553162	-1243.857668	0.000000
964.208496	-1243.400148	0.000000
964.875610	-1242.927614	0.000000
965.460876	-1242.506960	0.000000
966.122009	-1242.024782	0.000000
966.775940	-1241.540651	0.000000
967.390808	-1241.078493	0.000000
968.042786	-1240.581545	0.000000
968.682129	-1240.086916	0.000000
969.326782	-1239.579958	0.000000
969.944824	-1239.086428	0.000000
970.532959	-1238.609133	0.000000
971.124084	-1238.121950	0.000000
971.753845	-1237.593874	0.000000
972.286194	-1237.141115	0.000000
972.852905	-1236.652712	0.000000
973.423889	-1236.153688	0.000000
973.983276	-1235.658449	0.000000
974.556824	-1235.144411	0.000000
975.125061	-1234.629518	0.000000
975.700439	-1234.102785	0.000000
976.242126	-1233.602297	0.000000
976.799316	-1233.082643	0.000000
977.327148	-1232.584352	0.000000
977.865356	-1232.069948	0.000000
978.413452	-1231.538942	0.000000
978.964905	-1230.997438	0.000000
979.466675	-1230.498537	0.000000
979.985596	-1229.974367	0.000000
980.505188	-1229.442140	0.000000
981.012451	-1228.914919	0.000000
981.530640	-1228.369753	0.000000
982.004944	-1227.864015	0.000000
982.480408	-1227.350344	0.000000
982.988709	-1226.792116	0.000000
983.408203	-1226.324587	0.000000
983.848511	-1225.827272	0.000000
984.292542	-1225.318483	0.000000
984.749146	-1224.787721	0.000000
985.147156	-1224.318483	0.000000
985.591064	-1223.787966	0.000000
985.988586	-1223.307253	0.000000
986.363159	-1222.849123	0.000000
986.748413	-1222.373171	0.000000
987.122620	-1221.905763	0.000000
987.502930	-1221.425783	0.000000
987.885315	-1220.938112	0.000000
988.253845	-1220.463381	0.000000
988.613281	-1219.996340	0.000000
989.004761	-1219.481447	0.000000
989.329407	-1219.050417	0.000000
989.712036	-1218.537355	0.000000
990.016968	-1218.124513	0.000000
990.351624	-1217.667726	0.000000
990.706665	-1217.179079	0.000000
991.042969	-1216.712770	0.000000
991.394714	-1216.220461	0.000000
991.699036	-1215.791750	0.000000
992.041077	-1215.306642	0.000000
992.352173	-1214.862673	0.000000
992.683411	-1214.387575	0.000000
993.285278	-1213.516725	0.000000
993.835754	-1212.713137	0.000000
994.396790	-1211.887087	0.000000
994.952148	-1211.062502	0.000000
995.482483	-1210.267702	0.000000
995.989929	-1209.499147	0.000000
996.506042	-1208.702394	0.000000
996.996399	-1207.924196	0.000000
997.489380	-1207.117555	0.000000
997.951355	-1206.341799	0.000000
998.408936	-1205.554689	0.000000
998.850037	-1204.778566	0.000000
999.298828	-1203.977541	0.000000
999.722656	-1203.218630	0.000000
1000.151062	-1202.448000	0.000000
1000.568787	-1201.703493	0.000000
1001.010620	-1200.925417	0.000000
1001.483215	-1200.104128	0.000000
1001.724243	-1199.254274	0.000000
1002.220093	-1198.856203	0.000000
1002.736694	-1198.011354	0.000000
1003.189514	-1197.291506	0.000000
1003.663086	-1196.558107	0.000000
1003.939514	-1196.140261	0.000000
1004.438538	-1195.405519	0.000000
1004.921326	-1194.716921	0.000000
1005.445862	-1193.996218	0.000000
1005.990356	-1193.278078	0.000000
1006.520813	-1192.605959	0.000000
1007.126404	-1191.868776	0.000000
1007.690796	-1191.209596	0.000000
1008.301331	-1190.526247	0.000000
1008.841675	-1189.949098	0.000000
1009.434692	-1189.346193	0.000000
1010.047974	-1188.756227	0.000000
1010.715820	-1188.149538	0.000000
1011.420410	-1187.547121	0.000000
1012.092285	-1187.001345	0.000000
1012.856812	-1186.411989	0.000000
1013.495605	-1185.942385	0.000000
1014.188660	-1185.453127	0.000000
1015.004395	-1184.899538	0.000000
1015.737244	-1184.421755	0.000000
1016.542175	-1183.915407	0.000000
1017.259705	-1183.478762	0.000000
1017.989746	-1183.045534	0.000000
1018.764160	-1182.599245	0.000000
1019.482056	-1182.196413	0.000000
1020.232727	-1181.785524	0.000000
1020.971069	-1181.390138	0.000000
1021.700134	-1181.007936	0.000000
1022.481323	-1180.605715	0.000000
1023.232056	-1180.223879	0.000000
1024.041626	-1179.816042	0.000000
1024.388550	-1179.435549	0.000000
1025.224609	-1179.225710	0.000000
1026.033936	-1178.825807	0.000000
1026.833008	-1178.433473	0.000000
1027.669312	-1178.024538	0.000000
1028.533447	-1177.601686	0.000000
1028.993042	-1177.378176	0.000000
1029.884888	-1176.944582	0.000000
1030.777832	-1176.508303	0.000000
1031.235107	-1176.285158	0.000000
1031.708252	-1176.055055	0.000000
1032.194824	-1175.818971	0.000000
1032.725708	-1175.561525	0.000000
1033.213135	-1175.325197	0.000000
1033.749390	-1175.065554	0.000000
1034.207642	-1174.843996	0.000000
1034.730469	-1174.591555	0.000000
1035.270020	-1174.331423	0.000000
1035.775147	-1174.088381	0.000000
1036.333008	-1173.820192	0.000000
1036.828247	-1173.582399	0.000000
1037.414673	-1173.301638	0.000000
1037.914795	-1173.062746	0.000000
1038.460815	-1172.802980	0.000000
1039.007080	-1172.544069	0.000000
1039.584595	-1172.271486	0.000000
1040.091919	-1172.033327	0.000000
1040.646484	-1171.773561	0.000000
1041.200439	-1171.515016	0.000000
1041.802124	-1171.234987	0.000000
1042.386230	-1170.964113	0.000000
1042.912842	-1170.720339	0.000000
1043.534668	-1170.433473	0.000000
1044.057617	-1170.192629	0.000000
1044.663696	-1169.913820	0.000000
1045.299561	-1169.621584	0.000000
1045.847900	-1169.369875	0.000000
1046.510132	-1169.066286	0.000000
1047.054443	-1168.817385	0.000000
1047.658203	-1168.541017	0.000000
1048.352661	-1168.223024	0.000000
1048.971802	-1167.938722	0.000000
1049.671631	-1167.615969	0.000000
1050.262207	-1167.343630	0.000000
1050.873169	-1167.060915	0.000000
1051.510864	-1166.765261	0.000000
1052.192261	-1166.448976	0.000000
1052.868408	-1166.137209	0.000000
1053.581787	-1165.807009	0.000000
1054.182983	-1165.527712	0.000000
1054.901489	-1165.194216	0.000000
1055.623169	-1164.861208	0.000000
1056.347534	-1164.526857	0.000000
1056.989502	-1164.230348	0.000000
1057.632568	-1163.933473	0.000000
1058.350220	-1163.602541	0.000000
1059.053345	-1163.279665	0.000000
1059.708740	-1162.979250	0.000000
1060.400879	-1162.662477	0.000000
1060.999512	-1162.389406	0.000000
1061.671021	-1162.084474	0.000000
1062.356689	-1161.773928	0.000000
1063.054810	-1161.458864	0.000000
1063.720093	-1161.159792	0.000000
1064.430786	-1160.840700	0.000000
1065.087036	-1160.546022	0.000000
1065.807251	-1160.222292	0.000000
1066.526611	-1159.897951	0.000000
1067.253052	-1159.569704	0.000000
1067.961914	-1159.248537	0.000000
1068.589478	-1158.964113	0.000000
1069.256714	-1158.661501	0.000000
1069.989136	-1158.330080	0.000000
1070.622314	-1158.044557	0.000000
1071.213379	-1157.777590	0.000000
1071.842285	-1157.493410	0.000000
1072.361328	-1157.258913	0.000000
1072.836060	-1157.044313	0.000000
1073.365479	-1156.805544	0.000000
1074.213867	-1156.421877	0.000000
1075.033203	-1156.050905	0.000000
1075.481323	-1155.659426	0.000000
1076.218750	-1155.507204	0.000000
1076.863159	-1155.203005	0.000000
1077.397705	-1154.959841	0.000000
1077.884399	-1154.737551	0.000000
1078.435669	-1154.483400	0.000000
1079.026855	-1154.215822	0.000000
1079.490479	-1154.005495	0.000000
